//Crash Bandicoot - Main Theme (Best at : Speed 0.5 or 0.45 / Octave 0 or 1) (Copy and paste this inside the sheet[] array)
21,0,0,0,21,0,26,0,28,0,31,0,1,1,211,0,
1,1,28,0,1,1,26,0,27,0,28,0,27,0,28,0,
21,0,0,0,21,0,26,0,28,0,31,0,1,1,211,0,
1,1,28,0,1,1,26,0,27,0,28,0,27,0,28,0,
26,0,0,0,26,0,0,0,1,1,1,1,1,1,26,0,
28,0,28,0,28,0,0,0,1,1,1,1,1,1,1,1,
26,0,0,0,26,0,0,0,1,1,26,0,28,0,26,0,
21,0,0,0,21,0,26,0,28,0,31,0,1,1,211,0,
1,1,28,0,1,1,26,0,27,0,28,0,27,0,28,0,
21,0,0,0,21,0,26,0,28,0,31,0,1,1,211,0,
1,1,28,0,1,1,26,0,27,0,28,0,27,0,28,0,
21,0,21,0,111,0,21,0,1,1,1,1,1,1,28,0,
211,0,211,0,28,0,211,0,1,1,1,1,1,1,28,0,
33,0,33,0,211,0,31,0,1,1,33,0,31,0,212,0,
28,0,0,0,28,0,0,0,28,0,211,0,1,1,1,1,
33,0,33,0,211,0,31,0,1,1,33,0,31,0,212,0,
31,0,0,0,31,0,0,0,38,0,37,0,36,0,34,0,
33,0,33,0,211,0,31,0,1,1,33,0,31,0,212,0,
28,0,0,0,28,0,0,0,28,0,211,0,1,1,1,1,
33,0,33,0,211,0,31,0,1,1,33,0,31,0,212,0,
31,0,0,0,31,0,0,0,38,0,37,0,36,0,34,0,
21,0,0,0,21,0,26,0,28,0,31,0,1,1,211,0,
1,1,28,0,1,1,26,0,27,0,28,0,27,0,28,0,
111,0,0,0,111,0,24,0,26,0,211,0,1,1,35,0,
1,1,34,0,1,1,33,0,31,0,211,0,28,0,21,0
